"Name","Password","Username","Score","Level Unlocked"
